[1,218],
[2,95],
[3,100],
[4,101],
[5,97],
[6,98],
[7,103],
[8,130],
[9,129],
[10,130],
[11,154],
[12,139],
[13,211],
[14,210],
[15,230],
[16,229],
[17,227],
[18,227],
[19,228],
[20,252],
[21,256],
[22,256],
[23,261],
[24,255],
[25,351],
[26,350],
[27,380],
[28,375],
[29,382],
[30,382],
[31,371],
[32,407],
[33,402],
[34,421],
[35,428],
[36,419],
[37,510],
[38,507],
[39,537],
[40,553],
[41,561],
[42,562],
[43,551],
[44,549],
[45,574],
[46,608],
[47,602],
[48,567],
[49,591],
[50,583],
[51,617],
[52,577],
[53,578],
[54,589],
[55,598],
[56,584],
[57,610],
[58,605],
[59,684],
[60,628],
[61,655],
[62,665],
[63,645],
[64,673],
[65,758],
[66,790],
[67,784],
[68,818],
[69,793],
[70,813],
[71,792],
[72,777],
[73,807],
[74,784],
[75,808],
[76,801],
[77,811],
[78,812],
[79,821],
[80,926],
[81,896],
[82,882],
[83,931],
[84,999],
[85,1028],
[86,1003],
[87,1069],
[88,1004],
[89,1035],
[90,1055],
[91,1178],
[92,1162],
[93,1266],
[94,1204],
[95,1189],
[96,1203],
[97,1233],
[98,1210],
[99,1184],
[100,1218],
[101,1188],
[102,1208],
[103,1231],
[104,1196],
[105,1229],
[106,1262],
[107,1244],
[108,1218],
[109,1252],
[110,1245],
[111,1237],
[112,1241],
[113,1194],
[114,1236],
[115,1272],
[116,1237],
[117,1276],
[118,1306],
[119,1283],
[120,1271],
[121,1358],
[122,1386],
[123,1371],
[124,1417],
[125,1430],
[126,1520],
[127,1352],
[128,1383],
[129,1488],
[130,1523],
[131,1622],
[132,1494],
[133,1595],
[134,1401],
[135,1463],
[136,1494],
[137,1511],
[138,1505],
[139,1451],
[140,1542],
[141,1564],
[142,1552],
[143,1512],
[144,1586],
[145,1562],
[146,1641],
[147,1622],
[148,1642],
[149,1638],
[150,1627],
[151,1690],
[152,1687],
[153,1718],
[154,1763],
[155,1732],
[156,1716],
[157,1665],
[158,1742],
[159,1753],
[160,1802],
[161,1741],
[162,1726],
[163,1746],
[164,1771],
[165,1830],
[166,1770],
[167,1899],
[168,1785],
[169,1951],
[170,1869],
[171,1798],
[172,1802],
[173,1858],
[174,1847],
[175,1913],
[176,1799],
[177,1833],
[178,1908],
[179,1934],
[180,2001],
[181,1931],
[182,1940],
[183,2017],
[184,2018],
[185,1938],
[186,2088],
[187,2081],
[188,2089],
[189,2042],
[190,2061],
[191,2048],
[192,2068],
[193,2092],
[194,2074],
[195,2099],
[196,2123],
[197,2010],
[198,2092],
[199,2073],
[200,2187],
[201,2083],
[202,2139],
[203,2292],
[204,2266],
[205,2262],
[206,2351],
[207,2253],
[208,2319],
[209,2307],
[210,2361],
[211,2305],
[212,2464],
[213,2433],
[214,2403],
[215,2398],
[216,2526],
[217,2456],
[218,2416],
[219,2512],
[220,2337],
[221,2461],
[222,2301],
[223,2348],
[224,2348],
[225,2345],
[226,2396],
[227,2473],
[228,2360],
[229,2483],
[230,2494],
[231,2379],
[232,2448],
[233,2424],
[234,2370],
[235,2432],
[236,2405],
[237,2470],
[238,2443],
[239,2457],
[240,2484],
[241,2542],
[242,2480],
[243,2639],
[244,2620],
[245,2568],
[246,2608],
[247,2535],
[248,2647],
[249,2710],
[250,2595],
[251,2638],
[252,2764],
[253,2699],
[254,2569],
[255,2710],
[256,2824],
[257,2723],
[258,2801],
[259,2872],
[260,2838],
[261,2834],
[262,2818],
[263,2740],
[264,2821],
[265,2761],
[266,2838],
[267,2860],
[268,2900],
[269,2908],
[270,2933],
[271,3017],
[272,2897],
[273,2954],
[274,2938],
[275,3020],
[276,3009],
[277,2997],
[278,2967],
[279,3055],
[280,3063],
[281,2998],
[282,3182],
[283,3177],
[284,3023],
[285,3134],
[286,3096],
[287,3047],
[288,3234],
[289,3104],
[290,3195],
[291,3062],
[292,3180],
[293,3149],
[294,3179],
[295,3275],
[296,3250],
[297,3151],
[298,3196],
[299,3246],
[300,3175],
[301,3351],
[302,3302],
[303,3311],
[304,3417],
[305,3233],
[306,3380],
[307,3266],
[308,3338],
[309,3399],
[310,3434],
[311,3463],
[312,3306],
[313,3348],
[314,3315],
[315,3452],
[316,3403],
[317,3418],
[318,3435],
[319,3551],
[320,3516],
[321,3487],
[322,3482],
[323,3507],
[324,3454],
[325,3618],
[326,3533],
[327,3513],
[328,3647],
[329,3650],
[330,3642],
[331,3699],
[332,3730],
[333,3733],
[334,3704],
[335,3670],
[336,3727],
[337,3789],
[338,3791],
[339,3796],
[340,3875],
[341,3794],
[342,3760],
[343,3828],
[344,3801],
[345,3770],
[346,3642],
[347,3758],
[348,3874],
[349,3806],
[350,3888],
[351,3763],
[352,3732],
[353,3837],
[354,3996],
[355,3924],
[356,3895],
[357,3882],
[358,3909],
[359,3940],
[360,3858],
[361,3862],
[362,3943],
[363,4034],
[364,3967],
[365,4037],
[366,4121],
[367,3999],
[368,3985],
[369,4132],
[370,4091],
[371,4205],
[372,4079],
[373,4106],
[374,4100],
[375,4087],
[376,4226],
[377,4180],
[378,4094],
[379,4242],
[380,4255],
[381,4290],
[382,4303],
[383,4218],
[384,4220],
[385,4303],
[386,4338],
[387,4303],
[388,4402],
[389,4255],
[390,4312],
[391,4412],
[392,4336],
[393,4393],
[394,4398],
[395,4459],
[396,4425],
[397,4360],
[398,4473],
[399,4523],
[400,4441],
[401,4548],
[402,4399],
[403,4445],
[404,4538],
[405,4575],
[406,4474],
[407,4597],
[408,4413],
[409,4437],
[410,4605],
[411,4397],
[412,4524],
[413,4540],
[414,4649],
[415,4637],
[416,4651],
[417,4796],
[418,4700],
[419,4651],
[420,4704],
[421,4796],
[422,4784],
[423,4714],
[424,4614],
[425,4756],
[426,4784],
[427,4763],
[428,4724],
[429,4777],
[430,4796],
[431,4795],
[432,4804],
[433,4777],
[434,4761],
[435,4867],
[436,4690],
[437,4842],
[438,4809],
[439,5011],
[440,4890],
[441,4977],
[442,4873],
[443,4864],
[444,4840],
[445,4892],
[446,4969],
[447,4982],
[448,5103],
[449,5087],
[450,5124],
[451,5146],
[452,5145],
[453,5254],
[454,5062],
[455,5287],
[456,5164],
[457,5071],
[458,5161],
[459,5139],
[460,5104],
[461,5104],
[462,5198],
[463,5125],
[464,5342],
[465,5331],
[466,5259],
[467,5235],
[468,5091],
[469,5210],
[470,5269],
[471,5246],
[472,5212],
[473,5244],
[474,5359],
[475,5096],
[476,5382],
[477,5261],
[478,5420],
[479,5314],
[480,5307],
[481,5437],
[482,5384],
[483,5427],
[484,5438],
[485,5488],
[486,5485],
[487,5427],
[488,5496],
[489,5445],
[490,5459],
[491,5601],
[492,5519],
[493,5687],
[494,5516],
[495,5564],
[496,5564],
[497,5606],
[498,5667],
[499,5606],
[500,5542],
[501,5633],
[502,5809],
[503,5384],
[504,5746],
[505,5646],
[506,5594],
[507,5748],
[508,5728],
[509,5814],
[510,5666],
[511,5880],
[512,5825],
[513,5702],
[514,5771],
[515,5833],
[516,5773],
[517,5659],
[518,5798],
[519,5848],
[520,6069],
[521,5808],
[522,5864],
[523,5936],
[524,5877],
[525,5970],
[526,5847],
[527,6062],
[528,6052],
[529,5895],
[530,5849],
[531,5873],
[532,5978],
[533,6062],
[534,6005],
[535,5979],
[536,6039],
[537,6124],
[538,5930],
[539,5971],
[540,5984],
[541,6095],
[542,5922],
[543,6148],
[544,6161],
[545,6204],
[546,6068],
[547,6127],
[548,5862],
[549,6263],
[550,6269],
[551,6017],
[552,6148],
[553,6148],
[554,6178],
[555,6151],
[556,6276],
[557,6308],
[558,6406],
[559,6221],
[560,6202],
[561,6215],
[562,6376],
[563,6449],
[564,6205],
[565,6399],
[566,6417],
[567,6482],
[568,6279],
[569,6266],
[570,6534],
[571,6576],
[572,6546],
[573,6480],
[574,6415],
[575,6602],
[576,6577],
[577,6606],
[578,6653],
[579,6621],
[580,6606],
[581,6552],
[582,6532],
[583,6654],
[584,6559],
[585,6566],
[586,6625],
[587,6625],
[588,6504],
[589,6672],
[590,6642],
[591,6448],
[592,6662],
[593,6736],
[594,6830],
[595,6657],
[596,6676],
[597,6946],
[598,6656],
[599,6819],
[600,6843],
[601,6758],
[602,6904],
[603,6901],
[604,6773],
[605,6806],
[606,6860],
[607,6899],
[608,6898],
[609,6711],
[610,6841],
[611,6917],
[612,6983],
[613,7011],
[614,6986],
[615,6929],
[616,6970],
[617,6836],
[618,7173],
[619,7115],
[620,6857],
[621,7097],
[622,7093],
[623,6929],
[624,7020],
[625,7129],
[626,7258],
[627,6945],
[628,7084],
[629,7252],
[630,7159],
[631,7215],
[632,7189],
[633,7135],
[634,7158],
[635,7051],
[636,7102],
[637,7250],
[638,7482],
[639,7228],
[640,7083],
[641,7307],
[642,7457],
[643,7460],
[644,7296],
[645,7408],
[646,7346],
[647,7383],
[648,7345],
[649,7423],
[650,7359],
[651,7359],
[652,7292],
[653,7549],
[654,7272],
[655,7588],
[656,7575],
[657,7522],
[658,7604],
[659,7459],
[660,7483],
[661,7471],
[662,7524],
[663,7717],
[664,7452],
[665,7660],
[666,7654],
[667,7305],
[668,7506],
[669,7437],
[670,7768],
[671,7539],
[672,7687],
[673,7805],
[674,7791],
[675,7595],
[676,7760],
[677,7777],
[678,7654],
[679,7666],
[680,7726],
[681,7708],
[682,7402],
[683,7837],
[684,7852],
[685,7983],
[686,7809],
[687,7877],
[688,7890],
[689,8017],
[690,7698],
[691,8136],
[692,7915],
[693,7922],
[694,7942],
[695,7927],
[696,7974],
[697,8007],
[698,7972],
[699,7936],
[700,8023],
[701,8057],
[702,8087],
[703,8028],
[704,8130],
[705,8063],
[706,8118],
[707,7984],
[708,7923],
[709,8192],
[710,8001],
[711,7990],
[712,8154],
[713,8084],
[714,8174],
[715,8057],
[716,8181],
[717,8246],
[718,8275],
[719,8260],
[720,8232],
[721,8127],
[722,8289],
[723,8098],
[724,8328],
[725,8178],
[726,8002],
[727,8374],
[728,8324],
[729,8320],
[730,8137],
[731,8364],
[732,8411],
[733,8390],
[734,8348],
[735,8204],
[736,8466],
[737,8520],
[738,8472],
[739,8440],
[740,8611],
[741,8439],
[742,8455],
[743,8624],
[744,8463],
[745,8367],
[746,8398],
[747,8526],
[748,8587],
[749,8501],
[750,8468],
[751,8405],
[752,8615],
[753,8784],
[754,8506],
[755,8653],
[756,8480],
[757,8732],
[758,8824],
[759,8672],
[760,8682],
[761,8773],
[762,8751],
[763,8694],
[764,8752],
[765,8893],
[766,8733],
[767,8737],
[768,8615],
[769,8787],
[770,8682],
[771,8709],
[772,8781],
[773,8759],
[774,8732],
[775,8687],
[776,8925],
[777,8985],
[778,8950],
[779,9042],
[780,8935],
[781,8837],
[782,8840],
[783,8833],
[784,8997],
[785,9045],
[786,9007],
[787,9027],
[788,8756],
[789,8822],
[790,8837],
[791,9059],
[792,8763],
[793,9076],
[794,9068],
[795,9087],
[796,9181],
[797,9278],
[798,9071],
[799,9182],
[800,9258],
[801,9130],
[802,9215],
[803,9212],
[804,9201],
[805,9197],
[806,9054],
[807,9281],
[808,9240],
[809,9103],
[810,9289],
[811,9333],
[812,9289],
[813,9336],
[814,9451],
[815,9292],
[816,9284],
[817,9258],
[818,9423],
[819,9578],
[820,9383],
[821,9457],
[822,9456],
[823,9437],
[824,9441],
[825,9471],
[826,9463],
[827,9391],
[828,9468],
[829,9369],
[830,9599],
[831,9421],
[832,9517],
[833,9458],
[834,9416],
[835,9664],
[836,9585],
[837,9614],
[838,9476],
[839,9430],
[840,9521],
[841,9544],
[842,9510],
[843,9629],
[844,9657],
[845,9641],
[846,9648],
[847,9530],
[848,9620],
[849,9686],
[850,9676],
[851,9712],
[852,9838],
[853,9505],
[854,9919],
[855,9777],
[856,9734],
[857,9741],
[858,9781],
[859,9858],
[860,9895],
[861,9939],
[862,9901],
[863,10105],
[864,10106],
[865,9792],
[866,9780],
[867,9939],
[868,10069],
[869,10184],
[870,10211],
[871,10172],
[872,9986],
[873,10005],
[874,10155],
[875,9984],
[876,10027],
[877,10162],
[878,9971],
[879,10142],
[880,10060],
[881,10054],
[882,10013],
[883,10081],
[884,10157],
[885,10098],
[886,10073],
[887,10199],
[888,10025],
[889,10308],
[890,10176],
[891,10305],
[892,10262],
[893,10398],
[894,10074],
[895,10326],
[896,10333],
[897,10361],
[898,10219],
[899,10043],
[900,10408],
[901,10281],
[902,10219],
[903,10235],
[904,10415],
[905,10493],
[906,10463],
[907,10444],
[908,10307],
[909,10520],
[910,10306],
[911,10497],
[912,10614],
[913,10569],
[914,10193],
[915,10538],
[916,10644],
[917,10478],
[918,10602],
[919,10522],
[920,10740],
[921,10777],
[922,10561],
[923,10607],
[924,10628],
[925,10892],
[926,10862],
[927,10906],
[928,10635],
[929,10829],
[930,10811],
[931,10850],
[932,10582],
[933,10780],
[934,10762],
[935,10760],
[936,10882],
[937,10741],
[938,10914],
[939,10851],
[940,10708],
[941,10746],
[942,10889],
[943,10789],
[944,10846],
[945,10966],
[946,10788],
[947,10732],
[948,10867],
[949,10903],
[950,11005],
[951,10736],
[952,10993],
[953,11097],
[954,10936],
[955,11062],
[956,11002],
[957,10971],
[958,10701],
[959,11077],
[960,10923],
[961,10962],
[962,11004],
[963,11176],
[964,10961],
[965,11286],
[966,11167],
[967,11091],
[968,11201],
[969,11169],
[970,11123],
[971,11160],
[972,11013],
[973,11143],
[974,11071],
[975,11388],
[976,11234],
[977,11333],
[978,11515],
[979,11036],
[980,11370],
[981,11461],
[982,11398],
[983,11121],
[984,11415],
[985,11393],
[986,11583],
[987,11472],
[988,11459],
[989,11665],
[990,11739],
[991,11470],
[992,11313],
[993,11518],
[994,11396],
[995,11439],
[996,11496],
[997,11658],
[998,11133],
[999,11483],
[1000,11456],
