bs_10 = [ 
[12,430], 
[24,345], 
[36,387], 
[48,464], 
[60,576], 
[72,704], 
[84,829], 
[96,938], 
[108,1118], 
[120,1280], 
[132,1457], 
[144,1547], 
[156,1798], 
[168,1992], 
[180,2376], 
[192,2348], 
[204,2481], 
[216,2453], 
[228,2366], 
[240,2514], 
[252,2911], 
[264,3396], 
[276,3482], 
[288,3491], 
[300,3551], 
[312,3648], 
[324,3654], 
[336,4069], 
[348,4363], 
[360,4425], 
[372,4944], 
[384,5058], 
[396,5221], 
[408,5191], 
[420,5175], 
[432,5008], 
[444,5356], 
[456,5477], 
[468,5618], 
[480,5660], 
[492,5781], 
[504,5924], 
[516,5972], 
[528,5991], 
[540,6367], 
[552,6787], 
[564,6710], 
[576,6735], 
[588,6770], 
[600,6793], 
[612,7430], 
[624,7415], 
[636,7681], 
[648,7556], 
[660,7796], 
[672,7795], 
[684,7693], 
[696,7936], 
[708,7894], 
[720,8242], 
[732,8340], 
[744,8324], 
[756,8503], 
[768,8647], 
[780,8500], 
[792,8493], 
[804,8737], 
[816,8968], 
[828,9030], 
[840,9393], 
[852,9775], 
[864,10052], 
[876,9894], 
[888,9775], 
[900,10065], 
[912,9971], 
[924,10106], 
[936,10338], 
[948,10318], 
[960,10545], 
[972,10647], 
[984,10957], 
[996,11052], 
[1008,11439], 
[1020,11476], 
[1032,11745], 
[1044,12060], 
[1056,12123], 
[1068,12302], 
[1080,12252], 
[1092,12291], 
[1104,12456], 
[1116,12426], 
[1128,12763], 
[1140,12564], 
[1152,12728], 
[1164,12977], 
[1176,13115], 
[1188,13269], 
[1200,13321], 
]
bs_20 = [ 
[12,160], 
[24,215], 
[36,321], 
[48,420], 
[60,562], 
[72,711], 
[84,851], 
[96,1004], 
[108,1197], 
[120,1220], 
[132,1419], 
[144,1663], 
[156,1683], 
[168,1787], 
[180,1863], 
[192,2137], 
[204,2383], 
[216,2626], 
[228,2649], 
[240,2620], 
[252,2869], 
[264,3038], 
[276,3090], 
[288,3269], 
[300,3540], 
[312,3728], 
[324,3784], 
[336,4081], 
[348,4172], 
[360,4253], 
[372,4305], 
[384,4499], 
[396,4549], 
[408,4539], 
[420,4794], 
[432,4800], 
[444,5062], 
[456,5205], 
[468,5514], 
[480,5617], 
[492,5817], 
[504,5799], 
[516,5972], 
[528,6061], 
[540,6223], 
[552,6289], 
[564,6710], 
[576,6946], 
[588,7040], 
[600,7053], 
[612,7181], 
[624,7328], 
[636,7330], 
[648,7561], 
[660,7775], 
[672,7618], 
[684,7910], 
[696,8041], 
[708,8316], 
[720,8441], 
[732,8558], 
[744,8875], 
[756,8999], 
[768,9081], 
[780,9162], 
[792,9240], 
[804,9492], 
[816,9414], 
[828,9719], 
[840,9682], 
[852,10128], 
[864,10217], 
[876,10538], 
[888,10560], 
[900,10652], 
[912,10766], 
[924,10916], 
[936,10978], 
[948,11118], 
[960,11166], 
[972,11549], 
[984,11449], 
[996,11791], 
[1008,12078], 
[1020,12187], 
[1032,12071], 
[1044,12267], 
[1056,12403], 
[1068,12495], 
[1080,12691], 
[1092,12948], 
[1104,13103], 
[1116,13315], 
[1128,13462], 
[1140,13673], 
[1152,13723], 
[1164,13935], 
[1176,13985], 
[1188,14116], 
[1200,14182], 
]
bs_30 = [ 
[12,127], 
[24,206], 
[36,336], 
[48,461], 
[60,617], 
[72,810], 
[84,793], 
[96,1077], 
[108,1121], 
[120,1173], 
[132,1495], 
[144,1655], 
[156,1663], 
[168,1779], 
[180,1862], 
[192,1995], 
[204,2190], 
[216,2228], 
[228,2420], 
[240,2518], 
[252,2768], 
[264,2782], 
[276,2994], 
[288,3119], 
[300,3146], 
[312,3571], 
[324,3554], 
[336,3714], 
[348,3658], 
[360,3889], 
[372,4021], 
[384,4222], 
[396,4531], 
[408,4418], 
[420,4830], 
[432,4789], 
[444,4937], 
[456,5005], 
[468,5192], 
[480,5302], 
[492,5445], 
[504,5773], 
[516,5847], 
[528,5850], 
[540,6013], 
[552,6272], 
[564,6337], 
[576,6401], 
[588,6564], 
[600,6790], 
[612,7073], 
[624,6938], 
[636,7331], 
[648,7333], 
[660,7526], 
[672,7688], 
[684,7829], 
[696,7918], 
[708,8105], 
[720,8171], 
[732,8450], 
[744,8439], 
[756,8880], 
[768,8657], 
[780,8845], 
[792,9175], 
[804,9198], 
[816,9477], 
[828,9592], 
[840,9693], 
[852,9890], 
[864,10116], 
[876,9965], 
[888,10188], 
[900,10241], 
[912,10427], 
[924,10562], 
[936,10920], 
[948,11025], 
[960,11154], 
[972,11084], 
[984,11322], 
[996,11438], 
[1008,11484], 
[1020,11791], 
[1032,11836], 
[1044,12334], 
[1056,12438], 
[1068,12355], 
[1080,12619], 
[1092,12562], 
[1104,12688], 
[1116,13079], 
[1128,13251], 
[1140,13432], 
[1152,13332], 
[1164,13471], 
[1176,13661], 
[1188,13819], 
[1200,13832], 
]
bs_40 = [ 
[12,120], 
[24,217], 
[36,358], 
[48,497], 
[60,573], 
[72,674], 
[84,796], 
[96,1067], 
[108,1002], 
[120,1069], 
[132,1335], 
[144,1428], 
[156,1480], 
[168,1556], 
[180,1669], 
[192,1692], 
[204,1953], 
[216,1974], 
[228,2035], 
[240,2191], 
[252,2490], 
[264,2608], 
[276,2731], 
[288,2787], 
[300,2821], 
[312,2921], 
[324,3334], 
[336,3129], 
[348,3225], 
[360,3539], 
[372,3463], 
[384,3917], 
[396,3963], 
[408,4019], 
[420,4140], 
[432,4278], 
[444,4429], 
[456,4364], 
[468,4562], 
[480,4749], 
[492,4972], 
[504,4900], 
[516,5251], 
[528,5178], 
[540,5168], 
[552,5642], 
[564,5721], 
[576,6064], 
[588,5894], 
[600,6201], 
[612,6079], 
[624,6302], 
[636,6351], 
[648,6411], 
[660,6950], 
[672,6836], 
[684,7075], 
[696,6912], 
[708,7049], 
[720,7296], 
[732,7432], 
[744,7347], 
[756,7483], 
[768,7957], 
[780,7602], 
[792,8051], 
[804,8201], 
[816,8349], 
[828,8552], 
[840,9003], 
[852,8811], 
[864,8972], 
[876,8757], 
[888,8734], 
[900,9106], 
[912,9435], 
[924,9573], 
[936,9553], 
[948,9969], 
[960,9893], 
[972,10098], 
[984,10224], 
[996,10271], 
[1008,10604], 
[1020,10508], 
[1032,10608], 
[1044,10868], 
[1056,10801], 
[1068,10654], 
[1080,11225], 
[1092,11188], 
[1104,11299], 
[1116,11786], 
[1128,12036], 
[1140,11564], 
[1152,12005], 
[1164,11900], 
[1176,12386], 
[1188,12377], 
[1200,12376], 
]
bs_50 = [ 
[12,114], 
[24,223], 
[36,363], 
[48,521], 
[60,519], 
[72,718], 
[84,898], 
[96,1088], 
[108,1087], 
[120,1123], 
[132,1392], 
[144,1498], 
[156,1606], 
[168,1821], 
[180,1885], 
[192,2041], 
[204,2197], 
[216,2340], 
[228,2292], 
[240,2479], 
[252,2689], 
[264,2826], 
[276,2942], 
[288,3036], 
[300,3222], 
[312,3367], 
[324,3560], 
[336,3727], 
[348,3846], 
[360,3978], 
[372,4061], 
[384,4165], 
[396,4314], 
[408,4468], 
[420,4786], 
[432,4802], 
[444,4878], 
[456,5170], 
[468,5252], 
[480,5453], 
[492,5483], 
[504,5646], 
[516,5651], 
[528,5960], 
[540,6137], 
[552,6417], 
[564,6416], 
[576,6585], 
[588,6548], 
[600,6657], 
[612,6974], 
[624,7029], 
[636,7180], 
[648,7342], 
[660,7493], 
[672,7511], 
[684,7807], 
[696,8111], 
[708,8068], 
[720,8186], 
[732,8430], 
[744,8477], 
[756,8776], 
[768,8618], 
[780,8863], 
[792,9249], 
[804,9342], 
[816,9419], 
[828,9369], 
[840,9587], 
[852,9714], 
[864,9996], 
[876,10080], 
[888,9944], 
[900,10403], 
[912,10637], 
[924,10603], 
[936,10748], 
[948,10849], 
[960,11116], 
[972,11226], 
[984,11328], 
[996,11637], 
[1008,11738], 
[1020,11744], 
[1032,12039], 
[1044,12275], 
[1056,12077], 
[1068,12440], 
[1080,12525], 
[1092,12507], 
[1104,12918], 
[1116,12875], 
[1128,13307], 
[1140,13328], 
[1152,13410], 
[1164,13701], 
[1176,13567], 
[1188,13744], 
[1200,14013], 
]
bs_60 = [ 
[12,116], 
[24,234], 
[36,398], 
[48,514], 
[60,606], 
[72,796], 
[84,872], 
[96,982], 
[108,1086], 
[120,1219], 
[132,1358], 
[144,1535], 
[156,1807], 
[168,1758], 
[180,1897], 
[192,1975], 
[204,2130], 
[216,2385], 
[228,2435], 
[240,2570], 
[252,2903], 
[264,2875], 
[276,3004], 
[288,3258], 
[300,3323], 
[312,3444], 
[324,3645], 
[336,3659], 
[348,3917], 
[360,3925], 
[372,4127], 
[384,4339], 
[396,4582], 
[408,4678], 
[420,4763], 
[432,4861], 
[444,4967], 
[456,5119], 
[468,5430], 
[480,5348], 
[492,5612], 
[504,5821], 
[516,5702], 
[528,5987], 
[540,6111], 
[552,6333], 
[564,6489], 
[576,6435], 
[588,6708], 
[600,6906], 
[612,6973], 
[624,6974], 
[636,7243], 
[648,7303], 
[660,7535], 
[672,7544], 
[684,7969], 
[696,7807], 
[708,8093], 
[720,8234], 
[732,8577], 
[744,8449], 
[756,8724], 
[768,8772], 
[780,9093], 
[792,9017], 
[804,9123], 
[816,9494], 
[828,9584], 
[840,9820], 
[852,9723], 
[864,9997], 
[876,10257], 
[888,10247], 
[900,10204], 
[912,10465], 
[924,10762], 
[936,10795], 
[948,11088], 
[960,10971], 
[972,11298], 
[984,11404], 
[996,11587], 
[1008,11530], 
[1020,11716], 
[1032,11777], 
[1044,12077], 
[1056,12291], 
[1068,12353], 
[1080,12420], 
[1092,12651], 
[1104,12745], 
[1116,13100], 
[1128,13176], 
[1140,13105], 
[1152,13489], 
[1164,13583], 
[1176,13658], 
[1188,13707], 
[1200,13999], 
]
bs_70 = [ 
[12,120], 
[24,250], 
[36,342], 
[48,495], 
[60,526], 
[72,717], 
[84,825], 
[96,841], 
[108,1043], 
[120,1105], 
[132,1288], 
[144,1377], 
[156,1481], 
[168,1604], 
[180,1723], 
[192,1833], 
[204,1889], 
[216,1995], 
[228,2098], 
[240,2204], 
[252,2570], 
[264,2591], 
[276,2667], 
[288,2898], 
[300,2937], 
[312,3235], 
[324,3121], 
[336,3238], 
[348,3599], 
[360,3450], 
[372,3870], 
[384,3834], 
[396,4031], 
[408,4305], 
[420,4318], 
[432,4367], 
[444,4562], 
[456,4680], 
[468,4690], 
[480,4853], 
[492,5133], 
[504,5135], 
[516,5309], 
[528,5286], 
[540,5648], 
[552,5372], 
[564,5640], 
[576,6013], 
[588,6140], 
[600,6415], 
[612,6434], 
[624,6019], 
[636,6672], 
[648,6521], 
[660,6809], 
[672,6967], 
[684,7177], 
[696,6875], 
[708,7061], 
[720,7446], 
[732,7678], 
[744,7622], 
[756,7967], 
[768,8012], 
[780,7893], 
[792,7801], 
[804,8170], 
[816,8457], 
[828,8518], 
[840,9047], 
[852,9047], 
[864,9004], 
[876,8811], 
[888,9168], 
[900,9459], 
[912,9615], 
[924,9676], 
[936,9728], 
[948,9919], 
[960,9791], 
[972,9898], 
[984,10328], 
[996,10560], 
[1008,10336], 
[1020,10588], 
[1032,11106], 
[1044,10962], 
[1056,10908], 
[1068,10842], 
[1080,11601], 
[1092,11468], 
[1104,11487], 
[1116,11356], 
[1128,11925], 
[1140,11846], 
[1152,12067], 
[1164,12331], 
[1176,12184], 
[1188,12218], 
[1200,12582], 
]
bs_80 = [ 
[12,122], 
[24,250], 
[36,362], 
[48,505], 
[60,535], 
[72,736], 
[84,764], 
[96,878], 
[108,1013], 
[120,1132], 
[132,1322], 
[144,1295], 
[156,1404], 
[168,1654], 
[180,1575], 
[192,1927], 
[204,1788], 
[216,1976], 
[228,2080], 
[240,2148], 
[252,2491], 
[264,2540], 
[276,2649], 
[288,2662], 
[300,2853], 
[312,2961], 
[324,3234], 
[336,3476], 
[348,3241], 
[360,3546], 
[372,3597], 
[384,3618], 
[396,4026], 
[408,3911], 
[420,4089], 
[432,4309], 
[444,4570], 
[456,4516], 
[468,4512], 
[480,4990], 
[492,4966], 
[504,4752], 
[516,5285], 
[528,5090], 
[540,4999], 
[552,5556], 
[564,5345], 
[576,5833], 
[588,5891], 
[600,5884], 
[612,6349], 
[624,6174], 
[636,6170], 
[648,6442], 
[660,6542], 
[672,6670], 
[684,6919], 
[696,7091], 
[708,7348], 
[720,7007], 
[732,7667], 
[744,7560], 
[756,7612], 
[768,7665], 
[780,7296], 
[792,8073], 
[804,8069], 
[816,8027], 
[828,8092], 
[840,8716], 
[852,8678], 
[864,8946], 
[876,9258], 
[888,9016], 
[900,9173], 
[912,9235], 
[924,9534], 
[936,9319], 
[948,9643], 
[960,9395], 
[972,9725], 
[984,9577], 
[996,10163], 
[1008,10181], 
[1020,11010], 
[1032,10897], 
[1044,10926], 
[1056,10653], 
[1068,11195], 
[1080,11263], 
[1092,11298], 
[1104,11178], 
[1116,11417], 
[1128,11643], 
[1140,11493], 
[1152,11463], 
[1164,11817], 
[1176,11921], 
[1188,11917], 
[1200,12126], 
]
bs_90 = [ 
[12,124], 
[24,258], 
[36,368], 
[48,542], 
[60,590], 
[72,749], 
[84,810], 
[96,943], 
[108,1121], 
[120,1142], 
[132,1377], 
[144,1590], 
[156,1686], 
[168,1712], 
[180,1779], 
[192,1928], 
[204,2013], 
[216,2146], 
[228,2567], 
[240,2447], 
[252,2492], 
[264,2774], 
[276,2667], 
[288,3087], 
[300,3043], 
[312,3306], 
[324,3230], 
[336,3385], 
[348,3570], 
[360,3715], 
[372,3916], 
[384,4029], 
[396,4147], 
[408,4360], 
[420,4277], 
[432,4682], 
[444,4547], 
[456,4753], 
[468,4936], 
[480,5237], 
[492,5357], 
[504,5243], 
[516,5433], 
[528,5803], 
[540,5735], 
[552,6101], 
[564,5929], 
[576,5968], 
[588,6200], 
[600,6321], 
[612,6530], 
[624,6611], 
[636,7033], 
[648,6769], 
[660,7164], 
[672,7111], 
[684,7413], 
[696,7170], 
[708,8011], 
[720,7859], 
[732,7663], 
[744,7653], 
[756,7952], 
[768,8225], 
[780,8113], 
[792,8513], 
[804,8783], 
[816,8807], 
[828,9039], 
[840,9079], 
[852,9313], 
[864,9381], 
[876,9614], 
[888,9400], 
[900,9679], 
[912,10149], 
[924,10456], 
[936,10204], 
[948,10066], 
[960,10708], 
[972,9979], 
[984,10614], 
[996,10627], 
[1008,11191], 
[1020,11047], 
[1032,10996], 
[1044,11212], 
[1056,11633], 
[1068,11721], 
[1080,11310], 
[1092,12098], 
[1104,11972], 
[1116,12500], 
[1128,12579], 
[1140,12542], 
[1152,12450], 
[1164,12664], 
[1176,12574], 
[1188,13097], 
[1200,13388], 
]
bs_100 = [ 
[12,122], 
[24,272], 
[36,354], 
[48,545], 
[60,587], 
[72,779], 
[84,842], 
[96,944], 
[108,1116], 
[120,1170], 
[132,1306], 
[144,1336], 
[156,1605], 
[168,1786], 
[180,1975], 
[192,1962], 
[204,2164], 
[216,2107], 
[228,2417], 
[240,2669], 
[252,2555], 
[264,2777], 
[276,2763], 
[288,3010], 
[300,3161], 
[312,3260], 
[324,3505], 
[336,3699], 
[348,3599], 
[360,3823], 
[372,4020], 
[384,3973], 
[396,4108], 
[408,4251], 
[420,4578], 
[432,4527], 
[444,4605], 
[456,5026], 
[468,5060], 
[480,5110], 
[492,5251], 
[504,5342], 
[516,5884], 
[528,5648], 
[540,5883], 
[552,5807], 
[564,6448], 
[576,6200], 
[588,6306], 
[600,6278], 
[612,6752], 
[624,6671], 
[636,6881], 
[648,6771], 
[660,7365], 
[672,6959], 
[684,7349], 
[696,7574], 
[708,7728], 
[720,7541], 
[732,7833], 
[744,8014], 
[756,8306], 
[768,8770], 
[780,8752], 
[792,8683], 
[804,8490], 
[816,8944], 
[828,9076], 
[840,9186], 
[852,9217], 
[864,9849], 
[876,9880], 
[888,9594], 
[900,9920], 
[912,9973], 
[924,10328], 
[936,10711], 
[948,10194], 
[960,10699], 
[972,10760], 
[984,11035], 
[996,10959], 
[1008,11311], 
[1020,11535], 
[1032,11140], 
[1044,11562], 
[1056,11923], 
[1068,11810], 
[1080,11859], 
[1092,12084], 
[1104,12209], 
[1116,12379], 
[1128,12745], 
[1140,12777], 
[1152,13080], 
[1164,13139], 
[1176,13240], 
[1188,13105], 
[1200,13161], 
]
