bs_10 = [ 
[1,414], 
[2,337], 
[3,338], 
[4,332], 
[5,337], 
[6,334], 
[7,332], 
[8,331], 
[9,331], 
[10,331], 
[11,331], 
[12,331], 
[13,341], 
[14,339], 
[15,338], 
[16,339], 
[17,343], 
[18,340], 
[19,342], 
[20,340], 
[21,341], 
[22,342], 
[23,340], 
[24,340], 
[25,377], 
[26,372], 
[27,373], 
[28,364], 
[29,372], 
[30,369], 
[31,372], 
[32,377], 
[33,394], 
[34,382], 
[35,387], 
[36,389], 
[37,436], 
[38,431], 
[39,428], 
[40,423], 
[41,430], 
[42,418], 
[43,419], 
[44,445], 
[45,459], 
[46,460], 
[47,454], 
[48,453], 
[49,547], 
[50,547], 
[51,551], 
[52,552], 
[53,545], 
[54,539], 
[55,547], 
[56,565], 
[57,574], 
[58,569], 
[59,570], 
[60,572], 
[61,700], 
[62,686], 
[63,682], 
[64,689], 
[65,686], 
[66,678], 
[67,690], 
[68,692], 
[69,691], 
[70,690], 
[71,697], 
[72,693], 
[73,832], 
[74,830], 
[75,830], 
[76,832], 
[77,821], 
[78,838], 
[79,834], 
[80,827], 
[81,838], 
[82,833], 
[83,842], 
[84,829], 
[85,932], 
[86,908], 
[87,902], 
[88,882], 
[89,885], 
[90,912], 
[91,897], 
[92,908], 
[93,902], 
[94,920], 
[95,933], 
[96,939], 
[97,1085], 
[98,1071], 
[99,1089], 
[100,1066], 
]
bs_20 = [ 
[1,177], 
[2,176], 
[3,174], 
[4,174], 
[5,177], 
[6,176], 
[7,176], 
[8,176], 
[9,180], 
[10,176], 
[11,179], 
[12,179], 
[13,221], 
[14,219], 
[15,226], 
[16,223], 
[17,227], 
[18,229], 
[19,226], 
[20,244], 
[21,251], 
[22,247], 
[23,251], 
[24,249], 
[25,339], 
[26,342], 
[27,346], 
[28,348], 
[29,351], 
[30,355], 
[31,346], 
[32,369], 
[33,373], 
[34,370], 
[35,371], 
[36,367], 
[37,455], 
[38,449], 
[39,448], 
[40,447], 
[41,448], 
[42,447], 
[43,441], 
[44,458], 
[45,457], 
[46,483], 
[47,480], 
[48,469], 
[49,593], 
[50,592], 
[51,619], 
[52,621], 
[53,612], 
[54,619], 
[55,619], 
[56,627], 
[57,632], 
[58,654], 
[59,651], 
[60,642], 
[61,781], 
[62,776], 
[63,791], 
[64,789], 
[65,781], 
[66,796], 
[67,792], 
[68,802], 
[69,803], 
[70,827], 
[71,832], 
[72,810], 
[73,929], 
[74,920], 
[75,943], 
[76,946], 
[77,950], 
[78,1005], 
[79,966], 
[80,1021], 
[81,969], 
[82,1056], 
[83,1017], 
[84,1088], 
[85,1047], 
[86,1011], 
[87,1049], 
[88,1015], 
[89,1073], 
[90,1083], 
[91,1070], 
[92,1102], 
[93,1123], 
[94,1185], 
[95,1177], 
[96,1125], 
[97,1227], 
[98,1233], 
[99,1204], 
[100,1272], 
]
bs_30 = [ 
[1,118], 
[2,118], 
[3,117], 
[4,118], 
[5,120], 
[6,130], 
[7,131], 
[8,129], 
[9,133], 
[10,131], 
[11,130], 
[12,132], 
[13,188], 
[14,197], 
[15,204], 
[16,204], 
[17,189], 
[18,191], 
[19,192], 
[20,217], 
[21,219], 
[22,218], 
[23,221], 
[24,221], 
[25,314], 
[26,317], 
[27,333], 
[28,333], 
[29,335], 
[30,338], 
[31,336], 
[32,356], 
[33,364], 
[34,371], 
[35,371], 
[36,374], 
[37,454], 
[38,459], 
[39,469], 
[40,475], 
[41,467], 
[42,474], 
[43,470], 
[44,471], 
[45,478], 
[46,502], 
[47,498], 
[48,491], 
[49,609], 
[50,593], 
[51,631], 
[52,618], 
[53,639], 
[54,637], 
[55,632], 
[56,639], 
[57,638], 
[58,665], 
[59,677], 
[60,646], 
[61,721], 
[62,734], 
[63,749], 
[64,733], 
[65,751], 
[66,777], 
[67,773], 
[68,791], 
[69,811], 
[70,847], 
[71,873], 
[72,794], 
[73,820], 
[74,799], 
[75,810], 
[76,865], 
[77,825], 
[78,873], 
[79,882], 
[80,855], 
[81,809], 
[82,850], 
[83,842], 
[84,860], 
[85,865], 
[86,895], 
[87,844], 
[88,920], 
[89,1009], 
[90,975], 
[91,976], 
[92,998], 
[93,1003], 
[94,1068], 
[95,1081], 
[96,1088], 
[97,1093], 
[98,1100], 
[99,1093], 
[100,1092], 
]
bs_40 = [ 
[1,98], 
[2,97], 
[3,97], 
[4,112], 
[5,102], 
[6,100], 
[7,100], 
[8,125], 
[9,124], 
[10,125], 
[11,124], 
[12,122], 
[13,203], 
[14,204], 
[15,218], 
[16,218], 
[17,204], 
[18,204], 
[19,206], 
[20,228], 
[21,230], 
[22,229], 
[23,235], 
[24,229], 
[25,318], 
[26,318], 
[27,333], 
[28,337], 
[29,354], 
[30,351], 
[31,351], 
[32,367], 
[33,365], 
[34,384], 
[35,394], 
[36,371], 
[37,471], 
[38,477], 
[39,484], 
[40,487], 
[41,491], 
[42,509], 
[43,492], 
[44,516], 
[45,510], 
[46,531], 
[47,532], 
[48,511], 
[49,513], 
[50,527], 
[51,507], 
[52,511], 
[53,524], 
[54,519], 
[55,549], 
[56,578], 
[57,559], 
[58,538], 
[59,620], 
[60,588], 
[61,612], 
[62,684], 
[63,596], 
[64,601], 
[65,673], 
[66,628], 
[67,681], 
[68,680], 
[69,709], 
[70,705], 
[71,714], 
[72,726], 
[73,689], 
[74,693], 
[75,695], 
[76,726], 
[77,734], 
[78,746], 
[79,732], 
[80,733], 
[81,741], 
[82,846], 
[83,827], 
[84,826], 
[85,852], 
[86,948], 
[87,928], 
[88,1017], 
[89,907], 
[90,888], 
[91,986], 
[92,1003], 
[93,1005], 
[94,1009], 
[95,1012], 
[96,1040], 
[97,1053], 
[98,1028], 
[99,1025], 
[100,1053], 
]
bs_50 = [ 
[1,84], 
[2,94], 
[3,102], 
[4,104], 
[5,103], 
[6,105], 
[7,101], 
[8,116], 
[9,116], 
[10,117], 
[11,119], 
[12,117], 
[13,198], 
[14,198], 
[15,217], 
[16,211], 
[17,196], 
[18,202], 
[19,198], 
[20,221], 
[21,240], 
[22,227], 
[23,242], 
[24,237], 
[25,317], 
[26,326], 
[27,337], 
[28,337], 
[29,335], 
[30,342], 
[31,355], 
[32,374], 
[33,371], 
[34,393], 
[35,419], 
[36,396], 
[37,501], 
[38,488], 
[39,522], 
[40,517], 
[41,538], 
[42,539], 
[43,505], 
[44,554], 
[45,534], 
[46,563], 
[47,578], 
[48,565], 
[49,561], 
[50,541], 
[51,533], 
[52,536], 
[53,539], 
[54,532], 
[55,546], 
[56,588], 
[57,593], 
[58,549], 
[59,567], 
[60,605], 
[61,626], 
[62,638], 
[63,638], 
[64,725], 
[65,686], 
[66,675], 
[67,688], 
[68,727], 
[69,730], 
[70,747], 
[71,762], 
[72,735], 
[73,782], 
[74,760], 
[75,749], 
[76,755], 
[77,753], 
[78,745], 
[79,768], 
[80,791], 
[81,823], 
[82,896], 
[83,892], 
[84,787], 
[85,956], 
[86,904], 
[87,962], 
[88,929], 
[89,984], 
[90,1027], 
[91,1007], 
[92,1021], 
[93,1048], 
[94,1074], 
[95,1055], 
[96,1102], 
[97,1075], 
[98,1102], 
[99,1062], 
[100,1046], 
]
bs_60 = [ 
[1,75], 
[2,89], 
[3,82], 
[4,95], 
[5,98], 
[6,96], 
[7,94], 
[8,114], 
[9,114], 
[10,114], 
[11,113], 
[12,115], 
[13,185], 
[14,185], 
[15,215], 
[16,218], 
[17,221], 
[18,217], 
[19,220], 
[20,243], 
[21,244], 
[22,245], 
[23,252], 
[24,250], 
[25,328], 
[26,335], 
[27,353], 
[28,354], 
[29,359], 
[30,373], 
[31,352], 
[32,383], 
[33,392], 
[34,421], 
[35,440], 
[36,407], 
[37,419], 
[38,404], 
[39,405], 
[40,422], 
[41,414], 
[42,449], 
[43,429], 
[44,442], 
[45,481], 
[46,445], 
[47,471], 
[48,532], 
[49,528], 
[50,552], 
[51,543], 
[52,569], 
[53,562], 
[54,555], 
[55,539], 
[56,542], 
[57,571], 
[58,560], 
[59,643], 
[60,590], 
[61,619], 
[62,629], 
[63,678], 
[64,653], 
[65,747], 
[66,790], 
[67,717], 
[68,724], 
[69,795], 
[70,745], 
[71,798], 
[72,817], 
[73,877], 
[74,825], 
[75,845], 
[76,824], 
[77,817], 
[78,781], 
[79,758], 
[80,789], 
[81,806], 
[82,843], 
[83,866], 
[84,900], 
[85,874], 
[86,888], 
[87,877], 
[88,875], 
[89,851], 
[90,887], 
[91,905], 
[92,964], 
[93,972], 
[94,1017], 
[95,983], 
[96,1012], 
[97,1020], 
[98,1040], 
[99,1086], 
[100,1042], 
]
bs_70 = [ 
[1,74], 
[2,88], 
[3,84], 
[4,97], 
[5,96], 
[6,96], 
[7,93], 
[8,120], 
[9,116], 
[10,117], 
[11,115], 
[12,129], 
[13,210], 
[14,193], 
[15,214], 
[16,217], 
[17,216], 
[18,215], 
[19,219], 
[20,239], 
[21,240], 
[22,262], 
[23,264], 
[24,255], 
[25,255], 
[26,258], 
[27,256], 
[28,311], 
[29,324], 
[30,321], 
[31,330], 
[32,339], 
[33,337], 
[34,358], 
[35,364], 
[36,350], 
[37,365], 
[38,390], 
[39,399], 
[40,426], 
[41,410], 
[42,420], 
[43,440], 
[44,424], 
[45,514], 
[46,502], 
[47,497], 
[48,501], 
[49,492], 
[50,496], 
[51,503], 
[52,493], 
[53,504], 
[54,485], 
[55,495], 
[56,513], 
[57,525], 
[58,500], 
[59,527], 
[60,524], 
[61,560], 
[62,562], 
[63,631], 
[64,603], 
[65,666], 
[66,654], 
[67,660], 
[68,670], 
[69,658], 
[70,716], 
[71,709], 
[72,665], 
[73,741], 
[74,704], 
[75,722], 
[76,721], 
[77,738], 
[78,758], 
[79,762], 
[80,756], 
[81,710], 
[82,744], 
[83,759], 
[84,775], 
[85,781], 
[86,786], 
[87,746], 
[88,819], 
[89,853], 
[90,835], 
[91,870], 
[92,877], 
[93,899], 
[94,926], 
[95,859], 
[96,881], 
[97,856], 
[98,880], 
[99,866], 
[100,954], 
]
bs_80 = [ 
[1,75], 
[2,87], 
[3,85], 
[4,106], 
[5,85], 
[6,90], 
[7,97], 
[8,119], 
[9,121], 
[10,120], 
[11,120], 
[12,120], 
[13,200], 
[14,203], 
[15,220], 
[16,223], 
[17,224], 
[18,212], 
[19,213], 
[20,235], 
[21,240], 
[22,251], 
[23,264], 
[24,244], 
[25,248], 
[26,294], 
[27,299], 
[28,252], 
[29,332], 
[30,311], 
[31,328], 
[32,349], 
[33,346], 
[34,361], 
[35,369], 
[36,359], 
[37,365], 
[38,393], 
[39,382], 
[40,434], 
[41,424], 
[42,444], 
[43,474], 
[44,514], 
[45,539], 
[46,515], 
[47,501], 
[48,556], 
[49,503], 
[50,528], 
[51,504], 
[52,502], 
[53,494], 
[54,496], 
[55,506], 
[56,511], 
[57,522], 
[58,540], 
[59,537], 
[60,513], 
[61,553], 
[62,580], 
[63,612], 
[64,587], 
[65,653], 
[66,723], 
[67,708], 
[68,650], 
[69,754], 
[70,680], 
[71,731], 
[72,718], 
[73,736], 
[74,745], 
[75,731], 
[76,686], 
[77,734], 
[78,735], 
[79,727], 
[80,746], 
[81,749], 
[82,754], 
[83,744], 
[84,762], 
[85,726], 
[86,788], 
[87,769], 
[88,806], 
[89,811], 
[90,827], 
[91,852], 
[92,820], 
[93,829], 
[94,890], 
[95,840], 
[96,864], 
[97,875], 
[98,909], 
[99,878], 
[100,917], 
]
bs_90 = [ 
[1,73], 
[2,91], 
[3,87], 
[4,87], 
[5,85], 
[6,97], 
[7,97], 
[8,132], 
[9,121], 
[10,123], 
[11,120], 
[12,121], 
[13,193], 
[14,195], 
[15,211], 
[16,216], 
[17,215], 
[18,218], 
[19,219], 
[20,245], 
[21,251], 
[22,265], 
[23,270], 
[24,268], 
[25,269], 
[26,265], 
[27,268], 
[28,329], 
[29,336], 
[30,349], 
[31,340], 
[32,362], 
[33,355], 
[34,351], 
[35,363], 
[36,364], 
[37,363], 
[38,363], 
[39,419], 
[40,442], 
[41,464], 
[42,433], 
[43,448], 
[44,526], 
[45,480], 
[46,483], 
[47,528], 
[48,521], 
[49,565], 
[50,561], 
[51,545], 
[52,538], 
[53,547], 
[54,509], 
[55,564], 
[56,537], 
[57,546], 
[58,555], 
[59,519], 
[60,512], 
[61,578], 
[62,627], 
[63,632], 
[64,599], 
[65,679], 
[66,650], 
[67,728], 
[68,701], 
[69,756], 
[70,710], 
[71,756], 
[72,750], 
[73,742], 
[74,718], 
[75,758], 
[76,734], 
[77,782], 
[78,710], 
[79,787], 
[80,795], 
[81,797], 
[82,824], 
[83,808], 
[84,891], 
[85,785], 
[86,827], 
[87,878], 
[88,852], 
[89,889], 
[90,897], 
[91,943], 
[92,934], 
[93,917], 
[94,991], 
[95,970], 
[96,934], 
[97,930], 
[98,920], 
[99,957], 
[100,1021], 
]
bs_100 = [ 
[1,70], 
[2,70], 
[3,82], 
[4,81], 
[5,82], 
[6,82], 
[7,95], 
[8,129], 
[9,132], 
[10,130], 
[11,130], 
[12,118], 
[13,190], 
[14,187], 
[15,218], 
[16,217], 
[17,219], 
[18,219], 
[19,216], 
[20,243], 
[21,264], 
[22,260], 
[23,268], 
[24,299], 
[25,276], 
[26,305], 
[27,332], 
[28,324], 
[29,293], 
[30,349], 
[31,338], 
[32,348], 
[33,376], 
[34,390], 
[35,390], 
[36,382], 
[37,396], 
[38,382], 
[39,369], 
[40,363], 
[41,425], 
[42,489], 
[43,477], 
[44,483], 
[45,497], 
[46,533], 
[47,548], 
[48,580], 
[49,567], 
[50,536], 
[51,561], 
[52,566], 
[53,551], 
[54,536], 
[55,552], 
[56,540], 
[57,558], 
[58,552], 
[59,552], 
[60,589], 
[61,633], 
[62,592], 
[63,678], 
[64,661], 
[65,681], 
[66,698], 
[67,695], 
[68,766], 
[69,748], 
[70,745], 
[71,801], 
[72,710], 
[73,749], 
[74,736], 
[75,772], 
[76,747], 
[77,826], 
[78,779], 
[79,794], 
[80,834], 
[81,816], 
[82,803], 
[83,851], 
[84,793], 
[85,812], 
[86,816], 
[87,881], 
[88,884], 
[89,889], 
[90,949], 
[91,918], 
[92,900], 
[93,974], 
[94,950], 
[95,909], 
[96,977], 
[97,970], 
[98,899], 
[99,956], 
[100,995], 
]
