# Python Eval Single
1000 0.1405057709198445
2000 0.012646890943869948
3000 0.02446344494819641
4000 0.040404943050816655
5000 0.06675698584876955
6000 0.0903540609870106
7000 0.12007018295116723
8000 0.1526842899620533
9000 0.18933409894816577
10000 0.23314318992197514
11000 0.2677303079981357
12000 0.31692088884301484
13000 0.3664737830404192
14000 0.43748116702772677
15000 1.5990647720173001
16000 7.469159230822697	8192768000 bytes = 8.1 GB

# Geforce Eval 
s, up, exec, down, total
1000,7,13,0,21
2000,29,34.,0,63
3000,64,62,0,127
4000,114,97,0,212
5000,181,126,0,303
6000,245,183,0,424
7000,347,218,0,566
8000,449,295,0,744
9000,518,353,0,872
10000,542,422,0,965 (3200480000 = 3.2 GB)
	                (3167092736 = 3.1 GB)

# Geforce 100 rep
1000,1197
2000,2868
3000,5287
4000,8201
5000,11891
6000,16157
7000,20978
8000,26306


# Geforce - Gradient
s,t_mem, t_exec single
1000,6,36
2000,35,264
3000,50,714
4000,88,1691
5000,137,3338
6000,197,5601
7000,276,1905
8000, memory out

# Geforce - Gradient 100 Executions
s, t_exec 100
1000,3182
2000,22617
3000,75455
4000,177386
5000,
6000,
7000,
8000, memory out

# Python - Gradient Single Executions
s, run/seconds
1000 1.0328071999974782
2000 1.328402153987554
3000 4.636482315996545
4000 10.206996206994518
5000 19.530665915008285
6000 35.05426087399246
7000 55.04305465299694

# Python - Gradient 100 Executions
1000 18.974418458004948
2000 138.2195062469982
3000 451.2476991170115
4000 1065.3939741420036
5000 1995.727622544